TF	ID	TQ	TA	TR	TS	Ti	TC	TW	Tserv
987	683	804	804	805	973	168	1	169	14
982	686	809	809	810	973	163	1	164	9
982	680	799	799	800	972	172	1	173	10
982	678	797	797	798	968	170	1	171	14
981	679	799	799	800	969	169	1	170	12
972	676	796	796	797	967	170	1	171	5
968	677	796	796	797	959	162	1	163	9
965	672	792	792	793	958	165	1	166	7
965	670	787	787	788	951	163	1	164	14
963	673	793	793	794	958	164	1	165	5
957	665	781	781	782	941	159	1	160	16
955	667	784	784	785	946	161	1	162	9
953	661	776	776	777	939	162	1	163	14
947	658	774	774	775	935	160	1	161	12
946	657	774	774	775	934	159	1	160	12
941	662	776	776	777	936	159	1	160	5
931	660	774	774	775	923	148	1	149	8
928	655	772	772	773	920	147	1	148	8
925	653	770	770	771	909	138	1	139	16
922	656	772	772	773	910	137	1	138	12
922	652	768	768	769	909	140	1	141	13
922	648	767	767	768	908	140	1	141	14
912	642	760	760	761	901	140	1	141	11
911	647	766	766	767	905	138	1	139	6
911	643	760	760	761	899	138	1	139	12
908	637	755	755	756	896	140	1	141	12
906	644	761	761	762	902	140	1	141	4
905	636	753	753	754	894	140	1	141	11
903	641	758	758	759	897	138	1	139	6
902	639	758	758	759	896	137	1	138	6
899	625	744	744	745	885	140	1	141	14
896	620	740	740	741	883	142	1	143	13
895	632	748	748	749	885	136	1	137	10
891	633	750	750	751	887	136	1	137	4
889	617	735	735	736	876	140	1	141	13
887	615	735	735	736	878	142	1	143	9
885	614	735	735	736	871	135	1	136	14
882	613	734	734	735	870	135	1	136	12
877	611	733	733	734	869	135	1	136	8
872	607	725	725	726	857	131	1	132	15
870	610	733	733	734	862	128	1	129	8
870	604	716	716	717	855	138	1	139	15
869	608	729	729	730	862	132	1	133	7
861	601	713	713	714	852	138	1	139	9
857	598	710	710	711	843	132	1	133	14
855	599	710	710	711	841	130	1	131	14
852	600	711	711	712	847	135	1	136	5
846	588	702	702	703	830	127	1	128	16
843	596	709	709	710	839	129	1	130	4
843	592	705	705	706	831	125	1	126	12
842	595	708	708	709	832	123	1	124	10
837	586	700	700	701	829	128	1	129	8
833	584	699	699	700	823	123	1	124	10
832	582	695	695	696	823	127	1	128	9
831	579	691	691	692	822	130	1	131	9
831	577	690	690	691	816	125	1	126	15
830	685	808	808	809	810	1	1	2	20
830	684	806	806	807	808	1	1	2	22
823	580	691	691	692	816	124	1	125	7
821	576	689	689	690	811	121	1	122	10
820	575	688	688	689	811	122	1	123	9
818	682	802	802	803	804	1	1	2	14
817	681	801	801	802	803	1	1	2	14
814	573	684	684	685	801	116	1	117	13
814	671	788	788	789	790	1	1	2	24
813	574	686	686	687	803	116	1	117	10
813	668	784	784	785	786	1	1	2	27
812	666	783	783	784	785	1	1	2	27
810	669	785	785	786	787	1	1	2	23
809	674	795	795	796	797	1	1	2	12
807	567	679	679	680	792	112	1	113	15
801	560	671	671	672	786	114	1	115	15
798	663	777	777	778	779	1	1	2	19
797	675	795	795	796	797	1	1	2	0
797	561	671	671	672	783	111	1	112	14
795	562	673	673	674	789	115	1	116	6
795	563	673	673	674	787	113	1	114	8
794	557	670	670	671	782	111	1	112	12
792	650	767	767	768	769	1	1	2	23
790	645	764	764	765	766	1	1	2	24
787	654	770	770	771	772	1	1	2	15
787	651	768	768	769	770	1	1	2	17
786	556	670	670	671	780	109	1	110	6
781	664	779	779	780	781	1	1	2	0
780	635	751	751	752	753	1	1	2	27
778	547	661	661	662	767	105	1	106	11
777	554	668	668	669	768	99	1	100	9
777	553	666	666	667	767	100	1	101	10
776	659	774	774	775	776	1	1	2	0
775	550	663	663	664	767	103	1	104	8
772	640	758	758	759	760	1	1	2	12
770	548	661	661	662	757	95	1	96	13
770	544	658	658	659	755	96	1	97	15
769	649	767	767	768	769	1	1	2	0
769	545	660	660	661	756	95	1	96	13
768	646	766	766	767	768	1	1	2	0
768	628	745	745	746	747	1	1	2	21
767	542	654	654	655	754	99	1	100	13
765	631	745	745	746	747	1	1	2	18
763	627	745	745	746	747	1	1	2	16
761	543	656	656	657	755	98	1	99	6
761	622	742	742	743	744	1	1	2	17
761	618	736	736	737	738	1	1	2	23
760	534	643	643	644	744	100	1	101	16
759	535	646	646	647	751	104	1	105	8
758	638	756	756	757	758	1	1	2	0
755	624	742	742	743	744	1	1	2	11
753	634	751	751	752	753	1	1	2	0
753	530	638	638	639	739	100	1	101	14
752	525	631	631	632	736	104	1	105	16
751	619	738	738	739	740	1	1	2	11
749	532	642	642	643	743	100	1	101	6
749	527	635	635	636	738	102	1	103	11
749	605	718	718	719	720	1	1	2	29
747	630	745	745	746	747	1	1	2	0
747	629	745	745	746	747	1	1	2	0
747	626	745	745	746	747	1	1	2	0
746	606	724	724	725	726	1	1	2	20
745	522	629	629	630	735	105	1	106	10
744	623	742	742	743	744	1	1	2	0
742	518	623	623	624	728	104	1	105	14
740	520	625	625	626	729	103	1	104	11
740	508	609	609	610	725	115	1	116	15
737	616	735	735	736	737	1	1	2	0
737	597	709	709	710	711	1	1	2	26
736	612	734	734	735	736	1	1	2	0
733	609	731	731	732	733	1	1	2	0
731	513	616	616	617	727	110	1	111	4
730	593	706	706	707	708	1	1	2	22
730	585	699	699	700	701	1	1	2	29
729	505	607	607	608	720	112	1	113	9
729	500	602	602	603	714	111	1	112	15
728	603	715	715	716	717	1	1	2	11
728	494	597	597	598	713	115	1	116	15
724	590	702	702	703	704	1	1	2	20
723	594	708	708	709	710	1	1	2	13
721	504	605	605	606	715	109	1	110	6
721	503	604	604	605	714	109	1	110	7
719	581	693	693	694	695	1	1	2	24
716	591	703	703	704	705	1	1	2	11
715	602	713	713	714	715	1	1	2	0
715	490	591	591	592	701	109	1	110	14
714	493	595	595	596	708	112	1	113	6
712	489	589	589	590	699	109	1	110	13
710	492	594	594	595	706	111	1	112	4
705	487	587	587	588	697	109	1	110	8
704	589	702	702	703	704	1	1	2	0
704	587	702	702	703	704	1	1	2	0
704	570	681	681	682	683	1	1	2	21
700	583	698	698	699	700	1	1	2	0
700	484	585	585	586	694	108	1	109	6
700	483	585	585	586	692	106	1	107	8
700	559	670	670	671	672	1	1	2	28
699	571	681	681	682	683	1	1	2	16
697	477	577	577	578	683	105	1	106	14
696	572	684	684	685	686	1	1	2	10
695	555	669	669	670	671	1	1	2	24
694	485	585	585	586	687	101	1	102	7
693	569	681	681	682	683	1	1	2	10
693	564	673	673	674	675	1	1	2	18
692	578	690	690	691	692	1	1	2	0
691	480	581	581	582	683	101	1	102	8
690	552	665	665	666	667	1	1	2	23
690	549	663	663	664	665	1	1	2	25
683	467	558	558	559	668	109	1	110	15
681	568	679	679	680	681	1	1	2	0
681	474	572	572	573	675	102	1	103	6
680	566	678	678	679	680	1	1	2	0
680	541	653	653	654	655	1	1	2	25
678	565	676	676	677	678	1	1	2	0
678	551	663	663	664	665	1	1	2	13
677	546	660	660	661	662	1	1	2	15
674	465	555	555	556	665	109	1	110	9
674	539	649	649	650	651	1	1	2	23
673	533	643	643	644	645	1	1	2	28
672	558	670	670	671	672	1	1	2	0
671	537	648	648	649	650	1	1	2	21
669	462	554	554	555	655	100	1	101	14
669	459	551	551	552	655	103	1	104	14
667	458	550	550	551	654	103	1	104	13
663	456	549	549	550	651	101	1	102	12
663	526	633	633	634	635	1	1	2	28
662	536	646	646	647	648	1	1	2	14
661	538	649	649	650	651	1	1	2	10
654	531	640	640	641	642	1	1	2	12
653	540	651	651	652	653	1	1	2	0
653	454	545	545	546	648	102	1	103	5
653	524	631	631	632	633	1	1	2	20
652	447	540	540	541	636	95	1	96	16
651	519	623	623	624	625	1	1	2	26
650	452	545	545	546	641	95	1	96	9
646	446	540	540	541	637	96	1	97	9
645	445	540	540	541	635	94	1	95	10
642	444	540	540	541	636	95	1	96	6
641	453	545	545	546	637	91	1	92	4
639	529	637	637	638	639	1	1	2	0
639	442	538	538	539	627	88	1	89	12
639	430	523	523	524	624	100	1	101	15
638	528	636	636	637	638	1	1	2	0
637	443	540	540	541	633	92	1	93	4
636	516	620	620	621	622	1	1	2	14
633	506	607	607	608	609	1	1	2	24
632	523	630	630	631	632	1	1	2	0
632	429	522	522	523	623	100	1	101	9
632	515	620	620	621	622	1	1	2	10
631	441	536	536	537	627	90	1	91	4
631	434	528	528	529	625	96	1	97	6
630	433	526	526	527	624	97	1	98	6
629	521	627	627	628	629	1	1	2	0
629	425	517	517	518	620	102	1	103	9
629	499	601	601	602	603	1	1	2	26
627	421	513	513	514	617	103	1	104	10
627	498	600	600	601	602	1	1	2	25
626	496	598	598	599	600	1	1	2	26
625	497	600	600	601	602	1	1	2	23
623	517	621	621	622	623	1	1	2	0
623	417	508	508	509	610	101	1	102	13
622	423	515	515	516	617	101	1	102	5
620	514	618	618	619	620	1	1	2	0
620	415	507	507	508	607	99	1	100	13
620	501	603	603	604	605	1	1	2	15
620	406	493	493	494	604	110	1	111	16
618	512	616	616	617	618	1	1	2	0
618	420	511	511	512	612	100	1	101	6
616	491	592	592	593	594	1	1	2	22
615	411	500	500	501	606	105	1	106	9
615	408	495	495	496	605	109	1	110	10
614	511	612	612	613	614	1	1	2	0
613	495	597	597	598	599	1	1	2	14
612	407	495	495	496	604	108	1	109	8
611	507	609	609	610	611	1	1	2	0
608	403	490	490	491	593	102	1	103	15
608	488	589	589	590	591	1	1	2	17
605	502	603	603	604	605	1	1	2	0
605	404	492	492	493	601	108	1	109	4
604	402	490	490	491	598	107	1	108	6
604	475	574	574	575	576	1	1	2	28
596	397	484	484	485	586	101	1	102	10
595	392	480	480	481	586	105	1	106	9
593	389	474	474	475	579	104	1	105	14
593	473	569	569	570	571	1	1	2	22
591	386	472	472	473	578	105	1	106	13
590	384	467	467	468	575	107	1	108	15
589	486	587	587	588	589	1	1	2	0
589	470	564	564	565	566	1	1	2	23
586	482	584	584	585	586	1	1	2	0
586	381	464	464	465	571	106	1	107	15
585	469	562	562	563	564	1	1	2	21
585	466	556	556	557	558	1	1	2	27
584	383	466	466	467	575	108	1	109	9
583	479	581	581	582	583	1	1	2	0
581	478	579	579	580	581	1	1	2	0
580	382	464	464	465	574	109	1	110	6
580	463	554	554	555	556	1	1	2	24
576	476	574	574	575	576	1	1	2	0
575	468	560	560	561	562	1	1	2	13
571	472	569	569	570	571	1	1	2	0
570	449	542	542	543	544	1	1	2	26
569	471	567	567	568	569	1	1	2	0
568	380	464	464	465	558	93	1	94	10
566	378	462	462	463	557	94	1	95	9
565	457	549	549	550	551	1	1	2	14
559	451	543	543	544	545	1	1	2	14
559	440	534	534	535	536	1	1	2	23
558	372	453	453	454	545	91	1	92	13
558	448	542	542	543	544	1	1	2	14
557	464	555	555	556	557	1	1	2	0
557	371	451	451	452	543	91	1	92	14
556	461	554	554	555	556	1	1	2	0
555	460	553	553	554	555	1	1	2	0
555	377	460	460	461	549	88	1	89	6
555	450	542	542	543	544	1	1	2	11
551	375	457	457	458	546	88	1	89	5
549	455	547	547	548	549	1	1	2	0
547	364	447	447	448	536	88	1	89	11
547	438	532	532	533	534	1	1	2	13
546	439	533	533	534	535	1	1	2	11
546	437	531	531	532	533	1	1	2	13
546	359	443	443	444	531	87	1	88	15
544	427	521	521	522	523	1	1	2	21
544	426	520	520	521	522	1	1	2	22
543	369	450	450	451	537	86	1	87	6
542	432	524	524	525	526	1	1	2	16
540	428	522	522	523	524	1	1	2	16
538	360	444	444	445	533	88	1	89	5
535	356	439	439	440	524	84	1	85	11
535	422	514	514	515	516	1	1	2	19
533	436	531	531	532	533	1	1	2	0
532	435	530	530	531	532	1	1	2	0
532	357	439	439	440	522	82	1	83	10
530	416	507	507	508	509	1	1	2	21
529	352	431	431	432	513	81	1	82	16
526	431	524	524	525	526	1	1	2	0
526	354	437	437	438	515	77	1	78	11
521	351	431	431	432	512	80	1	81	9
521	418	509	509	510	511	1	1	2	10
519	346	424	424	425	505	80	1	81	14
518	412	503	503	504	505	1	1	2	13
517	424	515	515	516	517	1	1	2	0
516	350	430	430	431	509	78	1	79	7
515	410	500	500	501	502	1	1	2	13
515	339	416	416	417	499	82	1	83	16
515	409	496	496	497	498	1	1	2	17
513	348	426	426	427	507	80	1	81	6
512	419	510	510	511	512	1	1	2	0
508	336	415	415	416	494	78	1	79	14
508	331	411	411	412	492	80	1	81	16
507	414	505	505	506	507	1	1	2	0
507	413	505	505	506	507	1	1	2	0
506	343	420	420	421	500	79	1	80	6
505	391	477	477	478	479	1	1	2	26
504	335	413	413	414	493	79	1	80	11
504	399	488	488	489	490	1	1	2	14
503	341	418	418	419	499	80	1	81	4
503	328	409	409	410	488	78	1	79	15
501	333	413	413	414	493	79	1	80	8
500	398	485	485	486	487	1	1	2	13
500	394	480	480	481	482	1	1	2	18
498	329	409	409	410	491	81	1	82	7
494	405	492	492	493	494	1	1	2	0
494	379	464	464	465	466	1	1	2	28
492	401	490	490	491	492	1	1	2	0
491	327	407	407	408	483	75	1	76	8
490	400	488	488	489	490	1	1	2	0
488	323	402	402	403	477	74	1	75	11
487	326	405	405	406	482	76	1	77	5
487	387	472	472	473	474	1	1	2	13
487	322	401	401	402	474	72	1	73	13
486	318	391	391	392	471	79	1	80	15
484	396	482	482	483	484	1	1	2	0
483	320	394	394	395	472	77	1	78	11
482	393	480	480	481	482	1	1	2	0
481	312	388	388	389	469	80	1	81	12
481	376	459	459	460	461	1	1	2	20
479	373	454	454	455	456	1	1	2	23
478	311	386	386	387	468	81	1	82	10
477	390	475	475	476	477	1	1	2	0
477	370	451	451	452	453	1	1	2	24
476	388	474	474	475	476	1	1	2	0
476	314	389	389	390	469	79	1	80	7
474	309	382	382	383	468	85	1	86	6
474	368	450	450	451	452	1	1	2	22
473	385	471	471	472	473	1	1	2	0
473	374	456	456	457	458	1	1	2	15
470	361	445	445	446	447	1	1	2	23
469	306	380	380	381	464	83	1	84	5
467	362	447	447	448	449	1	1	2	18
466	365	447	447	448	449	1	1	2	17
465	367	450	450	451	452	1	1	2	13
464	307	380	380	381	456	75	1	76	8
464	294	364	364	365	451	86	1	87	13
463	302	375	375	376	455	79	1	80	8
461	301	373	373	374	453	79	1	80	8
460	298	369	369	370	452	82	1	83	8
460	363	447	447	448	449	1	1	2	11
458	293	362	362	363	448	85	1	86	10
456	358	441	441	442	443	1	1	2	13
448	288	354	354	355	439	84	1	85	9
447	342	420	420	421	422	1	1	2	25
446	344	422	422	423	424	1	1	2	22
445	287	354	354	355	435	80	1	81	10
444	291	359	359	360	440	80	1	81	4
442	285	351	351	352	432	80	1	81	10
440	334	413	413	414	415	1	1	2	25
439	355	437	437	438	439	1	1	2	0
439	337	416	416	417	418	1	1	2	21
437	340	417	417	418	419	1	1	2	18
436	345	423	423	424	425	1	1	2	11
434	325	404	404	405	406	1	1	2	28
433	353	431	431	432	433	1	1	2	0
433	284	349	349	350	426	76	1	77	7
433	330	410	410	411	412	1	1	2	21
430	349	428	428	429	430	1	1	2	0
429	280	344	344	345	423	78	1	79	6
427	321	397	397	398	399	1	1	2	28
426	347	424	424	425	426	1	1	2	0
425	275	337	337	338	411	73	1	74	14
425	324	403	403	404	405	1	1	2	20
424	277	340	340	341	413	72	1	73	11
423	274	336	336	337	409	72	1	73	14
421	319	392	392	393	394	1	1	2	27
418	338	416	416	417	418	1	1	2	0
414	332	412	412	413	414	1	1	2	0
414	316	391	391	392	393	1	1	2	21
413	267	327	327	328	400	72	1	73	13
411	266	326	326	327	399	72	1	73	12
409	315	389	389	390	391	1	1	2	18
408	272	333	333	334	403	69	1	70	5
407	317	391	391	392	393	1	1	2	14
407	313	388	388	389	390	1	1	2	17
405	263	322	322	323	399	76	1	77	6
403	310	384	384	385	386	1	1	2	17
401	260	320	320	321	393	72	1	73	8
401	300	371	371	372	373	1	1	2	28
399	308	380	380	381	382	1	1	2	17
398	258	318	318	319	388	69	1	70	10
393	256	316	316	317	386	69	1	70	7
392	299	369	369	370	371	1	1	2	21
391	257	316	316	317	383	66	1	67	8
391	255	315	315	316	382	66	1	67	9
391	252	311	311	312	379	67	1	68	12
388	254	314	314	315	379	64	1	65	9
388	303	375	375	376	377	1	1	2	11
387	290	357	357	358	359	1	1	2	28
385	251	310	310	311	371	60	1	61	14
384	296	367	367	368	369	1	1	2	15
383	248	310	310	311	371	60	1	61	12
383	295	365	365	366	367	1	1	2	16
380	305	378	378	379	380	1	1	2	0
379	240	303	303	304	365	61	1	62	14
378	304	376	376	377	378	1	1	2	0
377	283	347	347	348	349	1	1	2	28
373	239	301	301	302	358	56	1	57	15
372	241	303	303	304	365	61	1	62	7
372	236	295	295	296	358	62	1	63	14
371	297	369	369	370	371	1	1	2	0
371	281	344	344	345	346	1	1	2	25
370	237	297	297	298	358	60	1	61	12
367	234	293	293	294	351	57	1	58	16
365	235	294	294	295	354	59	1	60	11
365	232	292	292	293	351	58	1	59	14
364	278	342	342	343	344	1	1	2	20
363	292	361	361	362	363	1	1	2	0
359	226	283	283	284	348	64	1	65	11
359	282	345	345	346	347	1	1	2	12
359	224	282	282	283	347	64	1	65	12
359	271	333	333	334	335	1	1	2	24
357	276	339	339	340	341	1	1	2	16
357	273	334	334	335	336	1	1	2	21
357	269	329	329	330	331	1	1	2	26
354	286	352	352	353	354	1	1	2	0
353	229	286	286	287	348	61	1	62	5
352	270	331	331	332	333	1	1	2	19
351	223	282	282	283	345	62	1	63	6
351	220	279	279	280	344	64	1	65	7
350	204	250	250	251	335	84	1	85	15
350	268	329	329	330	331	1	1	2	19
349	203	248	248	249	333	84	1	85	16
347	210	261	261	262	336	74	1	75	11
345	212	261	261	262	339	77	1	78	6
344	279	342	342	343	344	1	1	2	0
344	261	322	322	323	324	1	1	2	20
344	259	320	320	321	322	1	1	2	22
341	196	236	236	237	328	91	1	92	13
338	197	238	238	239	328	89	1	90	10
338	249	310	310	311	312	1	1	2	26
337	202	246	246	247	329	82	1	83	8
337	195	236	236	237	326	89	1	90	11
336	253	313	313	314	315	1	1	2	21
334	194	236	236	237	324	87	1	88	10
332	193	236	236	237	317	80	1	81	15
330	238	300	300	301	302	1	1	2	28
328	265	326	326	327	328	1	1	2	0
326	264	324	324	325	326	1	1	2	0
326	245	308	308	309	310	1	1	2	16
324	262	322	322	323	324	1	1	2	0
324	192	235	235	236	315	79	1	80	9
321	243	308	308	309	310	1	1	2	11
316	191	231	231	232	306	74	1	75	10
316	188	228	228	229	304	75	1	76	12
314	187	228	228	229	299	70	1	71	15
314	231	289	289	290	291	1	1	2	23
312	250	310	310	311	312	1	1	2	0
311	222	282	282	283	284	1	1	2	27
310	246	308	308	309	310	1	1	2	0
310	244	308	308	309	310	1	1	2	0
309	242	307	307	308	309	1	1	2	0
305	228	284	284	285	286	1	1	2	19
305	227	283	283	284	285	1	1	2	20
303	225	283	283	284	285	1	1	2	18
301	182	221	221	222	285	63	1	64	16
300	181	221	221	222	285	63	1	64	15
294	233	292	292	293	294	1	1	2	0
294	177	217	217	218	282	64	1	65	12
292	215	270	270	271	272	1	1	2	20
291	180	220	220	221	283	62	1	63	8
291	218	276	276	277	278	1	1	2	13
290	230	288	288	289	290	1	1	2	0
290	213	264	264	265	266	1	1	2	24
289	216	272	272	273	274	1	1	2	15
288	176	216	216	217	272	55	1	56	16
287	208	256	256	257	258	1	1	2	29
286	211	261	261	262	263	1	1	2	23
282	221	280	280	281	282	1	1	2	0
282	174	213	213	214	269	55	1	56	13
279	219	277	277	278	279	1	1	2	0
279	206	252	252	253	254	1	1	2	25
276	217	274	274	275	276	1	1	2	0
276	173	213	213	214	269	55	1	56	7
275	209	258	258	259	260	1	1	2	15
271	171	213	213	214	262	48	1	49	9
269	214	267	267	268	269	1	1	2	0
269	169	211	211	212	253	41	1	42	16
267	207	254	254	255	256	1	1	2	11
266	205	250	250	251	252	1	1	2	14
264	161	201	201	202	249	47	1	48	15
262	168	211	211	212	255	43	1	44	7
262	162	203	203	204	252	48	1	49	10
260	163	203	203	204	251	47	1	48	9
259	200	244	244	245	246	1	1	2	13
258	201	246	246	247	248	1	1	2	10
255	159	200	200	201	242	41	1	42	13
255	189	228	228	229	230	1	1	2	25
249	160	200	200	201	243	42	1	43	6
249	157	196	196	197	236	39	1	40	13
249	190	231	231	232	233	1	1	2	16
247	156	195	195	196	235	39	1	40	12
245	199	243	243	244	245	1	1	2	0
245	158	198	198	199	238	39	1	40	7
242	198	240	240	241	242	1	1	2	0
242	178	218	218	219	220	1	1	2	22
239	149	188	188	189	227	38	1	39	12
238	146	186	186	187	223	36	1	37	15
235	152	190	190	191	228	37	1	38	7
235	145	185	185	186	221	35	1	36	14
234	179	220	220	221	222	1	1	2	12
230	186	228	228	229	230	1	1	2	0
230	147	187	187	188	225	37	1	38	5
230	142	178	178	179	217	38	1	39	13
230	172	213	213	214	215	1	1	2	15
228	185	226	226	227	228	1	1	2	0
228	165	204	204	205	206	1	1	2	22
226	184	224	224	225	226	1	1	2	0
225	183	223	223	224	225	1	1	2	0
224	170	211	211	212	213	1	1	2	11
222	132	166	166	167	206	39	1	40	16
221	166	207	207	208	209	1	1	2	12
220	139	174	174	175	213	38	1	39	7
220	138	172	172	173	213	40	1	41	7
220	130	165	165	166	204	38	1	39	16
220	155	194	194	195	196	1	1	2	24
219	137	172	172	173	210	37	1	38	9
216	164	203	203	204	205	1	1	2	11
215	128	165	165	166	201	35	1	36	14
212	123	157	157	158	199	41	1	42	13
211	135	168	168	169	206	37	1	38	5
211	124	159	159	160	199	39	1	40	12
211	148	188	188	189	190	1	1	2	21
210	122	157	157	158	199	41	1	42	11
210	120	153	153	154	194	40	1	41	16
209	144	183	183	184	185	1	1	2	24
206	141	176	176	177	178	1	1	2	28
205	129	165	165	166	200	34	1	35	5
203	118	151	151	152	193	41	1	42	10
199	119	151	151	152	192	40	1	41	7
198	117	151	151	152	190	38	1	39	8
196	143	181	181	182	183	1	1	2	13
196	140	176	176	177	178	1	1	2	18
196	131	165	165	166	167	1	1	2	29
194	154	192	192	193	194	1	1	2	0
193	153	191	191	192	193	1	1	2	0
193	111	144	144	145	182	37	1	38	11
192	151	190	190	191	192	1	1	2	0
191	150	189	189	190	191	1	1	2	0
191	126	162	162	163	164	1	1	2	27
189	116	149	149	150	185	35	1	36	4
186	127	163	163	164	165	1	1	2	21
185	110	144	144	145	176	31	1	32	9
185	109	143	143	144	169	25	1	26	16
184	113	144	144	145	169	24	1	25	15
183	106	136	136	137	167	30	1	31	16
180	107	137	137	138	168	30	1	31	12
179	125	160	160	161	162	1	1	2	17
174	103	133	133	134	163	29	1	30	11
172	136	170	170	171	172	1	1	2	0
171	114	145	145	146	147	1	1	2	24
170	115	149	149	150	151	1	1	2	19
169	133	167	167	168	169	1	1	2	0
169	99	131	131	132	162	30	1	31	7
164	96	126	126	127	160	33	1	34	4
163	102	133	133	134	135	1	1	2	28
162	95	124	124	125	155	30	1	31	7
160	108	141	141	142	143	1	1	2	17
158	105	134	134	135	136	1	1	2	22
157	121	155	155	156	157	1	1	2	0
156	100	131	131	132	133	1	1	2	23
155	104	134	134	135	136	1	1	2	19
153	97	127	127	128	129	1	1	2	24
152	93	122	122	123	147	24	1	25	5
147	94	122	122	123	132	9	1	10	15
146	112	144	144	145	146	1	1	2	0
145	91	120	120	121	129	8	1	9	16
140	89	118	118	119	125	6	1	7	15
139	90	120	120	121	122	1	1	2	17
138	92	122	122	123	132	9	1	10	6
137	86	115	115	116	117	1	1	2	20
133	87	117	117	118	119	1	1	2	14
129	98	127	127	128	129	1	1	2	0
128	83	111	111	112	113	1	1	2	15
127	88	118	118	119	122	3	1	4	5
126	76	102	102	103	104	1	1	2	22
125	77	102	102	103	104	1	1	2	21
123	71	95	95	96	97	1	1	2	26
121	85	114	114	115	116	1	1	2	5
120	82	109	109	110	111	1	1	2	9
119	78	102	102	103	104	1	1	2	15
116	81	108	108	109	110	1	1	2	6
115	84	113	113	114	115	1	1	2	0
115	79	103	103	104	105	1	1	2	10
114	73	97	97	98	99	1	1	2	15
110	72	96	96	97	98	1	1	2	12
109	80	103	103	104	105	1	1	2	4
104	70	95	95	96	97	1	1	2	7
104	67	90	90	91	92	1	1	2	12
103	64	87	87	88	89	1	1	2	14
101	75	99	99	100	101	1	1	2	0
101	74	99	99	100	101	1	1	2	0
97	69	95	95	96	97	1	1	2	0
97	65	88	88	89	90	1	1	2	7
96	68	94	94	95	96	1	1	2	0
96	62	84	84	85	86	1	1	2	10
94	57	76	76	77	81	4	1	5	13
92	63	85	85	86	87	1	1	2	5
92	59	79	79	80	82	2	1	3	10
91	66	89	89	90	91	1	1	2	0
89	56	74	74	75	76	1	1	2	13
89	53	71	71	72	73	1	1	2	16
88	47	66	66	67	68	1	1	2	20
84	61	82	82	83	84	1	1	2	0
84	58	76	76	77	78	1	1	2	6
83	49	66	66	67	68	1	1	2	15
82	60	80	80	81	82	1	1	2	0
79	46	64	64	65	66	1	1	2	13
78	45	62	62	63	64	1	1	2	14
77	50	68	68	69	70	1	1	2	7
77	48	66	66	67	68	1	1	2	9
76	51	69	69	70	71	1	1	2	5
75	55	73	73	74	75	1	1	2	0
75	54	73	73	74	75	1	1	2	0
75	43	59	59	60	61	1	1	2	14
74	44	60	60	61	62	1	1	2	12
73	52	71	71	72	73	1	1	2	0
73	36	48	48	49	50	1	1	2	23
72	35	47	47	48	49	1	1	2	23
68	39	52	52	53	54	1	1	2	14
64	38	50	50	51	52	1	1	2	12
63	41	56	56	57	58	1	1	2	5
59	42	57	57	58	59	1	1	2	0
58	24	32	32	33	34	1	1	2	24
56	30	41	41	42	43	1	1	2	13
55	40	53	53	54	55	1	1	2	0
55	27	37	37	38	39	1	1	2	16
54	37	48	48	49	50	1	1	2	4
54	18	24	24	25	26	1	1	2	28
52	31	41	41	42	43	1	1	2	9
50	33	43	43	44	45	1	1	2	5
50	32	43	43	44	45	1	1	2	5
48	26	36	36	37	38	1	1	2	10
47	34	45	45	46	47	1	1	2	0
47	23	31	31	32	33	1	1	2	14
46	28	39	39	40	41	1	1	2	5
46	15	20	20	21	22	1	1	2	24
42	19	24	24	25	26	1	1	2	16
41	29	39	39	40	41	1	1	2	0
39	21	28	28	29	30	1	1	2	9
36	25	34	34	35	36	1	1	2	0
32	17	22	22	23	24	1	1	2	8
32	8	11	11	12	13	1	1	2	19
32	6	6	6	7	8	1	1	2	24
31	22	29	29	30	31	1	1	2	0
31	16	21	21	22	23	1	1	2	8
30	12	16	16	17	18	1	1	2	12
28	20	26	26	27	28	1	1	2	0
25	7	9	9	10	11	1	1	2	14
20	14	18	18	19	20	1	1	2	0
20	10	14	14	15	16	1	1	2	4
19	5	4	4	5	6	1	1	2	13
18	13	16	16	17	18	1	1	2	0
18	11	16	16	17	18	1	1	2	0
15	4	3	3	4	5	1	1	2	10
14	9	12	12	13	14	1	1	2	0
9	1	3	3	4	5	1	1	2	4
9	2	3	3	4	5	1	1	2	4


Total Orders: 686 [ODG: 116, ODN: 97, OT: 122, OVC: 130, OVG: 112, OVN: 109]
Total Chefs: 17 [CS: 12, CN: 5]
Total Scooters: 2
Finished Orders: 98.105%, Cancelled Orders: 1.89504%
Overwait Orders: 0%
Averages for Finished Orders => Ti: 39.9718, TC: 1, Tw: 40.9718, Tserv: 11.2541
Scooters Utilization: 53.7994%
Chefs Utilization: 4.08844%
